([72828162,
  88129814,
  124517092,
  142294425,
  232038528,
  332156688,
  447695333,
  450515554,
  490012948,
  526184989,
  536262371,
  616000350,
  890875417,
  1252026529,
  1522183322,
  1590405854,
  1652075268,
  1970293994,
  2168195778,
  2572271892,
  2703641316,
  3001390075,
  3017860446,
  3255544019,
  3307718191,
  802178510207025152,
  858735005006213122,
  860538705056083970,
  917297369263362049,
  922999217160720384,
  943171207762927616,
  947307482770153472,
  947440675489906688,
  1032933344726605824,
  1056062613237379072,
  1109174739669401602,
  1111675390324404224,
  1136495538751397888,
  1142063381232283650,
  1155829585772261377,
  1158989223044603904,
  1171789465162932224,
  1195054295999074304,
  1210276287278796800,
  1223113699478556673,
  1232155497203216385],
 [14535013,
  15219730,
  15593359,
  17154051,
  20518378,
  21428992,
  22996639,
  23052569,
  23155854,
  23219195,
  25048808,
  29641228,
  31386487,
  33005796,
  34047942,
  36964890,
  40043965,
  45328828,
  47114219,
  48325215,
  56412785,
  58577893,
  68103188,
  72151962,
  77474340,
  98326125,
  121707270,
  175351371,
  205167415,
  205306616,
  218805720,
  232982915,
  252762704,
  281548524,
  291559175,
  308830214,
  332225908,
  351373727,
  362270379,
  380222200,
  385967981,
  386758844,
  399669441,
  404123713,
  431294689,
  436714561,
  439112021,
  440958611,
  450242281,
  535089349,
  607209932,
  735502316,
  836750533,
  953069401,
  1021114506,
  1304940086,
  1626174086,
  1652519822,
  1659658020,
  1873524348,
  2321958807,
  2482631628,
  2705012426,
  2863062477,
  3058048765,
  3193216006,
  3198834390,
  3228008517,
  3278856079,
  3434555463,
  3666266914,
  4111625715,
  4221335577,
  4534080736,
  743055646107533312,
  780011379528962048,
  788651302553280512,
  819560548002123776,
  824274430050398208,
  843869936699236352,
  882549331722633216,
  885066494857662473,
  885086458243158016,
  915467729989197824,
  923833156834414595,
  926405066847870977,
  1021772404408897536,
  1076611479162494976,
  1101024749147303936,
  1101858174540369920,
  1126192282179395584,
  1131086027144040448,
  1136385859442356229,
  1137717800087248896,
  1148572942898466818,
  1171320265428688896,
  1174264521931862016,
  1193118592591704065,
  1216397170531872768,
  1218454645628186624,
  1219444476822708226,
  1228086974931783681,
  1233446483090821120,
  1235145515089760257],
 [100245906, 784340262541819904],
 [1118671262, 993382986555867141],
 [18548853, 1003532075222233088],
 [156562422, 199576549, 921729760081993728],
 [71940079, 72041990],
 [67554946, 2840268375],
 [2167352189, 2835035969],
 [5313292,
  14127409,
  16710642,
  17732628,
  28962632,
  35684142,
  47425873,
  63434406,
  101815612,
  104539488,
  117716541,
  154771332,
  218810429,
  246428646,
  258612692,
  284065755,
  294030426,
  310054987,
  329103063,
  355768271,
  369427271,
  391578132,
  393239768,
  448938496,
  469358137,
  802335013,
  1151346954,
  1469750179,
  1706248454,
  2410066170,
  3163332317,
  3166513786,
  3433279527,
  3622069932,
  3890123055,
  4013466742,
  4876308893,
  722501254308564996,
  819191655437889536,
  820965027641442304,
  831991976404860928,
  864885940795428864,
  926367389108899840,
  938108525431078912,
  953201133929029632,
  1011137034889465857,
  1024531899316879360,
  1027843549394546688,
  1034824496946012160,
  1055537300300541952,
  1061240195234725889,
  1096109084707823616,
  1126200918423240704,
  1131942083848298496,
  1151393153963851777,
  1154417000573046784,
  1178609126932389888,
  1194310568200548352,
  1202320651106828289,
  1212701294856589314,
  1223021035869626368,
  1224735540463001603,
  1225376442990632961,
  1230506151709757441],
 [916054740487766019, 921141548892540929],
 [18982486, 34046524],
 [928923475783319552, 1090902338993307649],
 [9166142,
  18846292,
  47229161,
  208761056,
  247955666,
  847534110583250944,
  852133766982234112,
  891478874160119809,
  920969109017321472,
  961345661529706496,
  1070269940232527872,
  1095704050895597568,
  1159405694308769793,
  1170270938820005888,
  1217588748235485184,
  1225992105539096576],
 [302242146, 3029784651],
 [22940305,
  29197155,
  76926140,
  84874102,
  372897596,
  524984195,
  747030230,
  933884435568750592,
  1169054189734858752,
  1201421496083722241],
 [29730564, 38759732, 94002510, 622190341],
 [28766519, 909066278],
 [1016045619679580160, 1171148499041345537],
 [195783955, 708292622343933952],
 [1240583547850801152, 1243148665100869634],
 [1184108428450521088,
  1184114548447612928,
  1184490373323862016,
  1184494896725614593,
  1184497765918879752],
 [36751392, 874189544161234944],
 [3188612708, 1179141915893276677],
 [17685299, 433384994],
 [455777030, 4127041019],
 [40336792, 768167524089339905],
 [9592232, 22259682],
 [280619302, 970766875964485634],
 [60454902, 1224785192797208578],
 [972017450978914304, 990339003621691392],
 [44800905, 515056851],
 [15652138, 1405376143, 1012850898391961600],
 [437406409, 2599622388],
 [1154955842573127680, 1174950289482211329],
 [102882256, 355269807],
 [23345333,
  36273551,
  220926712,
  530928908,
  835706624224428032,
  840849345310220288,
  1017725674294009858,
  1207665493466910722,
  1237923566739488768],
 [18970117, 23659017],
 [329593827, 1016675301584265219],
 [60493766, 1106452948408664065],
 [60430014, 757213341760811008, 879634609633460225],
 [26643397,
  3331682261,
  893019136221208576,
  893125344055533568,
  1110684077525360640],
 [279483742, 2525389856],
 [57320024, 3352737683],
 [61224458, 3220477410],
 [2357293070, 1228605881731801088],
 [702416685190533120, 738879364398481408],
 [466322157, 831489495086272512],
 [520694728, 1234845065215741952],
 [12397052, 144316833],
 [386458231, 919011316156850176],
 [2925002501, 715122063388909568],
 [607169763, 935813169267859456],
 [933533274, 2555284723],
 [86955197, 89059001, 286002846, 1126284560839380995],
 [214184473, 2342475710],
 [23716157, 619320925, 3411846363],
 [206882045, 470499333],
 [48707597, 238514763, 3259000821, 800522406443905024, 968008274003005440],
 [1636749500, 2205528612],
 [971406723994054656, 976461097946542080],
 [94362564, 1298912892],
 [392187153, 4854982061],
 [1133703933325484034, 1162300088166731776],
 [451979107, 741305508225646592],
 [268590571, 1230238306123776001],
 [533965613, 3303663329, 885581073719087104],
 [9876952, 3943857317, 789163974835056640],
 [235065525, 2899962853],
 [175070999, 209009603, 296854405, 948046521328582656],
 [15942087, 3665362107, 776522339160731648],
 [800602060961947648, 829234941661691905],
 [33919440, 1128393845648121857],
 [2230595570, 4632734963, 1059133208925822976],
 [1307430074, 739968976499793920],
 [153406327, 712735726413197312, 1088832114945077251],
 [812299325091024897, 1112922307629080576],
 [807029699524210688, 1121940837800136704],
 [20518042, 1102404272, 1568392248],
 [2803681638, 1001015097404284928, 1202318507603419136],
 [432633026, 778692231167221760],
 [19711734, 49335397, 1077357986],
 [113983821, 3232732051],
 [130945953, 432110997],
 [481331460, 2613659274],
 [191884128, 1707811849, 1181567261922021376],
 [23911514, 1325363677, 1658566500],
 [90591438, 98969731, 3889691063],
 [83885402, 838640781900546048],
 [1268812502, 1595589068],
 [97694324, 3675296716],
 [95267732, 912799952476233729],
 [318656894, 380994527, 557101278],
 [156282180, 2233057129, 3057255892, 1187534399669067778],
 [40885653, 385199650],
 [2530661071, 1067065898568171520],
 [41570428, 41571084],
 [1084940572375212033, 1189686787905671173],
 [318355178, 721738102461636609],
 [4914474253, 712837149058412544, 845180181627125761, 1179626822616657920],
 [38250495, 38259234, 493399862],
 [156653750, 1090631891743637511],
 [817012224, 848412820253417472],
 [3184259156, 1198576603871223808],
 [776113650, 726156246605156352, 1117466132334641153],
 [32939035, 892400776039059457],
 [2295592225, 856849837173739523],
 [81013661, 2284067807, 3168237727],
 [310044382, 465821314],
 [802166725, 1012313998317051904],
 [959553008655794177, 1216599582865420288],
 [47815275, 284535823, 2250464150],
 [385997666, 2988981719],
 [16458470, 93073820],
 [123282572, 321923816],
 [106775893, 621942715],
 [975991732616814592, 1154263314312003584],
 [1129084395443412992,
  1130452133801877504,
  1130465160035016704,
  1130470065986572289,
  1130549591038992385,
  1131596503951335425,
  1131602475776131072],
 [501977594, 1098934340048863232],
 [21402821, 76992333],
 [164917181, 263675265, 1190612851],
 [208172059, 935516104117637121],
 [101274242, 165943889, 204207223],
 [23798426, 50171525],
 [53283213, 273920839])