[[947440675489906688,
  860538705056083970,
  1210276287278796800,
  1171789465162932224,
  1522183322,
  1158989223044603904,
  2168195778,
  3255544019,
  124517092,
  3001390075,
  1056062613237379072,
  142294425,
  88129814],
 [947440675489906688,
  860538705056083970,
  1210276287278796800,
  1171789465162932224,
  1522183322,
  1158989223044603904,
  2168195778,
  3255544019,
  124517092,
  3001390075,
  1056062613237379072,
  1590405854],
 [947440675489906688,
  860538705056083970,
  1210276287278796800,
  1171789465162932224,
  1522183322,
  1158989223044603904,
  2168195778,
  3255544019,
  124517092,
  3001390075,
  1195054295999074304,
  536262371,
  1136495538751397888,
  1111675390324404224,
  858735005006213122],
 [947440675489906688,
  860538705056083970,
  1210276287278796800,
  1171789465162932224,
  1522183322,
  1158989223044603904,
  2168195778,
  3255544019,
  124517092,
  3001390075,
  1195054295999074304,
  536262371,
  1109174739669401602,
  526184989],
 [947440675489906688,
  860538705056083970,
  1210276287278796800,
  1171789465162932224,
  1522183322,
  1158989223044603904,
  2168195778,
  3255544019,
  124517092,
  3001390075,
  1652075268,
  450515554,
  332156688,
  2572271892,
  3017860446,
  490012948,
  802178510207025152,
  447695333,
  1136495538751397888,
  1111675390324404224,
  1155829585772261377,
  858735005006213122],
 [947440675489906688,
  860538705056083970,
  1210276287278796800,
  1171789465162932224,
  1522183322,
  1158989223044603904,
  2168195778,
  3255544019,
  124517092,
  3001390075,
  1652075268,
  450515554,
  332156688,
  2572271892,
  3017860446,
  490012948,
  802178510207025152,
  447695333,
  922999217160720384],
 [947440675489906688,
  860538705056083970,
  1210276287278796800,
  1171789465162932224,
  1522183322,
  1158989223044603904,
  2168195778,
  3255544019,
  124517092,
  3001390075,
  1652075268,
  450515554,
  332156688,
  2572271892,
  3017860446,
  490012948,
  1155829585772261377,
  1970293994],
 [947440675489906688,
  860538705056083970,
  1210276287278796800,
  1171789465162932224,
  1522183322,
  1158989223044603904,
  2168195778,
  3255544019,
  124517092,
  3001390075,
  1652075268,
  450515554,
  332156688,
  2572271892,
  3017860446,
  490012948,
  917297369263362049,
  536262371,
  1136495538751397888,
  1111675390324404224,
  858735005006213122],
 [947440675489906688,
  860538705056083970,
  1210276287278796800,
  1171789465162932224,
  1522183322,
  1158989223044603904,
  2168195778,
  3255544019,
  124517092,
  3001390075,
  1652075268,
  450515554,
  332156688,
  2572271892,
  3017860446,
  490012948,
  917297369263362049,
  536262371,
  1109174739669401602,
  922999217160720384,
  1232155497203216385,
  1970293994],
 [947440675489906688,
  860538705056083970,
  1210276287278796800,
  1171789465162932224,
  1522183322,
  1158989223044603904,
  2168195778,
  3255544019,
  124517092,
  3001390075,
  1652075268,
  450515554,
  332156688,
  2572271892,
  3017860446,
  490012948,
  917297369263362049,
  536262371,
  1109174739669401602,
  526184989],
 [947440675489906688,
  860538705056083970,
  1210276287278796800,
  1171789465162932224,
  1522183322,
  1158989223044603904,
  2168195778,
  3255544019,
  124517092,
  3001390075,
  1652075268,
  450515554,
  332156688,
  2572271892,
  3017860446,
  88129814,
  1136495538751397888,
  1111675390324404224,
  802178510207025152,
  1155829585772261377,
  858735005006213122,
  447695333],
 [947440675489906688,
  860538705056083970,
  1210276287278796800,
  1171789465162932224,
  1522183322,
  1158989223044603904,
  2168195778,
  3255544019,
  124517092,
  3001390075,
  142294425,
  1136495538751397888,
  1111675390324404224,
  858735005006213122,
  88129814],
 [947440675489906688,
  860538705056083970,
  1210276287278796800,
  1171789465162932224,
  1522183322,
  1158989223044603904,
  2168195778,
  3255544019,
  124517092,
  3001390075,
  1590405854,
  1136495538751397888,
  1111675390324404224,
  858735005006213122],
 [1155829585772261377,
  1652075268,
  332156688,
  2572271892,
  3017860446,
  450515554,
  802178510207025152,
  447695333,
  490012948,
  1032933344726605824,
  1223113699478556673,
  890875417,
  2703641316],
 [1155829585772261377,
  1652075268,
  332156688,
  2572271892,
  3017860446,
  450515554,
  1970293994,
  2703641316,
  490012948],
 [1056062613237379072,
  1590405854,
  947307482770153472,
  232038528,
  72828162,
  616000350,
  3307718191],
 [1232155497203216385,
  2703641316,
  922999217160720384,
  450515554,
  1109174739669401602,
  1652075268,
  1970293994,
  332156688,
  490012948,
  2572271892,
  3017860446],
 [1136495538751397888, 1142063381232283650, 1195054295999074304],
 [922999217160720384,
  2703641316,
  450515554,
  1652075268,
  332156688,
  2572271892,
  490012948,
  3017860446,
  802178510207025152,
  447695333],
 [917297369263362049,
  1652075268,
  332156688,
  2572271892,
  490012948,
  3017860446,
  450515554,
  1032933344726605824,
  1223113699478556673,
  890875417,
  1109174739669401602,
  526184989],
 [1109174739669401602,
  1652075268,
  2703641316,
  450515554,
  332156688,
  2572271892,
  490012948,
  3017860446,
  1032933344726605824,
  1223113699478556673,
  890875417],
 [916054740487766019, 921141548892540929],
 [308830214, 380222200, 953069401],
 [308830214, 1171320265428688896],
 [308830214, 743055646107533312],
 [993382986555867141, 1118671262],
 [885066494857662473, 1101858174540369920, 1148572942898466818],
 [1184497765918879752,
  1184490373323862016,
  1184114548447612928,
  1184108428450521088,
  1184494896725614593],
 [1224785192797208578, 60454902],
 [2357293070, 1228605881731801088],
 [48707597, 968008274003005440, 238514763, 3259000821],
 [48707597, 800522406443905024],
 [4221335577,
  1216397170531872768,
  21428992,
  1126192282179395584,
  436714561,
  1873524348,
  17154051,
  33005796,
  77474340,
  121707270,
  450242281,
  23052569,
  2705012426,
  1021114506,
  98326125,
  351373727,
  953069401,
  386758844,
  3278856079],
 [36751392, 874189544161234944],
 [909066278, 28766519],
 [3433279527, 1178609126932389888, 831991976404860928, 1126200918423240704],
 [218810429, 28962632, 14127409],
 [218810429, 391578132],
 [1110684077525360640, 893125344055533568],
 [3228008517, 1626174086],
 [3029784651, 302242146],
 [310054987, 864885940795428864, 1202320651106828289, 1151346954, 35684142],
 [310054987, 329103063],
 [3184259156, 1198576603871223808],
 [18548853, 1003532075222233088],
 [41570428, 41571084],
 [943171207762927616, 1195054295999074304, 1252026529, 526184989],
 [920969109017321472, 1070269940232527872, 847534110583250944],
 [708292622343933952, 195783955],
 [831489495086272512, 466322157],
 [1154417000573046784, 1151393153963851777, 3622069932],
 [1154417000573046784, 258612692],
 [1154417000573046784, 101815612],
 [1154417000573046784, 3890123055],
 [1234845065215741952, 520694728],
 [1011137034889465857,
  864885940795428864,
  1202320651106828289,
  1151346954,
  35684142],
 [812299325091024897, 1112922307629080576],
 [98969731, 90591438, 3889691063],
 [722501254308564996,
  864885940795428864,
  1202320651106828289,
  1151346954,
  35684142],
 [722501254308564996, 47425873],
 [722501254308564996, 2410066170, 469358137],
 [3168237727, 81013661, 2284067807],
 [776522339160731648, 3665362107, 15942087],
 [807029699524210688, 1121940837800136704],
 [23345333, 1237923566739488768],
 [23345333, 1017725674294009858],
 [235065525, 2899962853],
 [156653750, 1090631891743637511],
 [1636749500, 2205528612],
 [386758844, 915467729989197824],
 [386758844, 824274430050398208],
 [386758844, 3666266914],
 [386758844, 29641228],
 [386758844, 439112021],
 [953201133929029632, 1194310568200548352, 938108525431078912],
 [535089349, 205306616, 23219195, 98326125],
 [247955666,
  852133766982234112,
  1159405694308769793,
  891478874160119809,
  18846292],
 [912799952476233729, 95267732],
 [557101278, 318656894, 380994527],
 [208761056,
  852133766982234112,
  1159405694308769793,
  891478874160119809,
  18846292],
 [431294689, 20518378],
 [431294689, 40043965],
 [47229161,
  852133766982234112,
  1159405694308769793,
  891478874160119809,
  18846292],
 [2410066170, 469358137, 1225376442990632961],
 [2410066170, 469358137, 1212701294856589314],
 [1131942083848298496, 1126200918423240704],
 [1131942083848298496, 926367389108899840],
 [919011316156850176, 386458231],
 [893125344055533568, 893019136221208576],
 [893125344055533568, 26643397],
 [715122063388909568, 2925002501],
 [921729760081993728, 199576549, 156562422],
 [935813169267859456, 607169763],
 [800602060961947648, 829234941661691905],
 [768167524089339905, 40336792],
 [1706248454, 1024531899316879360, 3622069932],
 [778692231167221760, 432633026],
 [481331460, 2613659274],
 [1151346954,
  864885940795428864,
  1202320651106828289,
  35684142,
  820965027641442304],
 [1151346954,
  864885940795428864,
  1202320651106828289,
  35684142,
  1126200918423240704],
 [1151346954,
  864885940795428864,
  1202320651106828289,
  35684142,
  1230506151709757441],
 [1151346954,
  864885940795428864,
  1202320651106828289,
  35684142,
  1034824496946012160],
 [1151346954, 864885940795428864, 1202320651106828289, 35684142, 154771332],
 [1151346954, 864885940795428864, 1202320651106828289, 35684142, 3622069932],
 [1151346954, 864885940795428864, 1202320651106828289, 35684142, 5313292],
 [1151346954, 864885940795428864, 1202320651106828289, 35684142, 16710642],
 [1151346954, 864885940795428864, 1202320651106828289, 35684142, 4013466742],
 [1151346954, 864885940795428864, 1202320651106828289, 35684142, 3166513786],
 [1151346954, 864885940795428864, 1202320651106828289, 35684142, 294030426],
 [1133703933325484034, 1162300088166731776],
 [721738102461636609, 318355178],
 [1128393845648121857, 33919440],
 [1131596503951335425,
  1130452133801877504,
  1131602475776131072,
  1130465160035016704,
  1129084395443412992,
  1130549591038992385,
  1130470065986572289],
 [802335013, 246428646],
 [280619302, 970766875964485634],
 [3890123055, 28962632, 14127409],
 [1217588748235485184, 1095704050895597568],
 [712735726413197312, 1088832114945077251, 153406327],
 [1179626822616657920, 712837149058412544, 845180181627125761, 4914474253],
 [23716157, 3411846363],
 [113983821, 3232732051],
 [2803681638, 1001015097404284928],
 [972017450978914304, 990339003621691392],
 [789163974835056640, 9876952, 3943857317],
 [232982915, 1626174086],
 [53283213, 273920839],
 [100245906, 784340262541819904],
 [93073820, 16458470],
 [4876308893, 28962632, 14127409, 17732628],
 [4876308893, 1061240195234725889, 355768271],
 [144316833, 12397052],
 [1001015097404284928, 1202318507603419136],
 [975991732616814592, 1154263314312003584],
 [45328828, 14535013],
 [1595589068, 1268812502],
 [1325363677, 23911514, 1658566500],
 [501977594, 1098934340048863232],
 [448938496, 28962632, 14127409, 1469750179, 3163332317],
 [1240583547850801152, 1243148665100869634],
 [891478874160119809,
  1159405694308769793,
  852133766982234112,
  18846292,
  1095704050895597568],
 [891478874160119809,
  1159405694308769793,
  852133766982234112,
  18846292,
  1225992105539096576],
 [891478874160119809,
  1159405694308769793,
  852133766982234112,
  18846292,
  961345661529706496],
 [891478874160119809,
  1159405694308769793,
  852133766982234112,
  18846292,
  9166142],
 [23659017, 18970117],
 [214184473, 2342475710],
 [470499333, 206882045],
 [526184989, 1142063381232283650, 1195054295999074304],
 [38259234, 493399862, 38250495],
 [34046524, 18982486],
 [252762704, 1233446483090821120],
 [165943889, 101274242, 204207223],
 [57320024, 3352737683],
 [48325215, 1193118592591704065],
 [47815275, 2250464150, 284535823],
 [97694324, 3675296716],
 [1233446483090821120, 385967981],
 [1626174086, 2482631628],
 [1170270938820005888, 1070269940232527872],
 [1154955842573127680, 1174950289482211329],
 [892400776039059457, 32939035],
 [22940305, 1169054189734858752],
 [22940305, 29197155],
 [23798426, 50171525],
 [1012313998317051904, 802166725],
 [1102404272, 1568392248],
 [437406409, 2599622388],
 [2530661071, 1067065898568171520],
 [321923816, 123282572],
 [380222200, 1136385859442356229],
 [220926712, 840849345310220288, 530928908],
 [788651302553280512, 780011379528962048, 923833156834414595, 2482631628],
 [455777030, 4127041019],
 [1171148499041345537, 1016045619679580160],
 [739968976499793920, 1307430074],
 [1084940572375212033, 1189686787905671173],
 [1219444476822708226, 14535013],
 [3666266914, 836750533],
 [533965613, 885581073719087104],
 [17685299, 433384994],
 [369427271, 355768271],
 [191884128, 1181567261922021376],
 [191884128, 1707811849],
 [385997666, 2988981719],
 [29197155, 524984195],
 [84874102, 933884435568750592],
 [84874102, 1201421496083722241],
 [2167352189, 2835035969],
 [971406723994054656, 976461097946542080],
 [296854405, 175070999],
 [44800905, 515056851],
 [130945953, 432110997],
 [209009603, 175070999],
 [94362564, 1298912892],
 [26643397, 3331682261],
 [102882256, 355269807],
 [329593827, 1016675301584265219],
 [246428646, 104539488, 3622069932],
 [58577893, 819560548002123776, 40043965, 22996639],
 [741305508225646592, 451979107],
 [835706624224428032, 1237923566739488768, 36273551],
 [738879364398481408, 702416685190533120],
 [1237923566739488768, 1207665493466910722],
 [1237923566739488768, 530928908],
 [879634609633460225, 757213341760811008],
 [879634609633460225, 60430014],
 [3193216006, 14535013],
 [838640781900546048, 83885402],
 [15219730, 385967981],
 [68103188, 72151962],
 [17732628, 28962632, 14127409, 1223021035869626368],
 [17732628, 28962632, 14127409, 3163332317],
 [208172059, 935516104117637121],
 [2525389856, 279483742],
 [1568392248, 20518042],
 [49335397, 1077357986, 19711734],
 [1012850898391961600, 15652138, 1405376143],
 [1235145515089760257, 98326125],
 [23155854, 14535013],
 [1126284560839380995, 89059001],
 [856849837173739523, 2295592225],
 [1059133208925822976, 4632734963],
 [76926140, 524984195],
 [76926140, 372897596],
 [86955197, 89059001],
 [21402821, 76992333],
 [393239768, 3163332317],
 [3411846363, 619320925],
 [4534080736, 1193118592591704065],
 [2555284723, 933533274],
 [4632734963, 2230595570],
 [1070269940232527872, 1159405694308769793],
 [1076611479162494976, 14535013],
 [1096109084707823616, 1024531899316879360, 3622069932],
 [848412820253417472, 817012224],
 [392187153, 4854982061],
 [1179141915893276677, 3188612708],
 [38759732, 29730564, 622190341, 94002510],
 [156282180, 2233057129, 3057255892],
 [106775893, 621942715],
 [1151393153963851777, 1024531899316879360, 3622069932],
 [1151393153963851777, 1224735540463001603],
 [1106452948408664065, 60493766],
 [332225908, 98326125],
 [1027843549394546688, 3622069932],
 [1218454645628186624, 404123713],
 [1201421496083722241, 524984195],
 [1194310568200548352, 1055537300300541952, 938108525431078912],
 [1055537300300541952, 117716541],
 [928923475783319552, 1090902338993307649],
 [1126200918423240704, 819191655437889536],
 [40885653, 385199650],
 [1230238306123776001, 268590571],
 [1117466132334641153, 726156246605156352, 776113650],
 [959553008655794177, 1216599582865420288],
 [9592232, 22259682],
 [3057255892, 1187534399669067778],
 [3220477410, 61224458],
 [20518378, 819560548002123776, 22996639],
 [4111625715, 281548524],
 [948046521328582656, 175070999],
 [72041990, 71940079],
 [117716541, 3622069932],
 [175351371, 882549331722633216],
 [175351371, 1193118592591704065],
 [175351371, 780011379528962048, 2482631628],
 [175351371, 1101858174540369920],
 [175351371, 926405066847870977],
 [175351371, 1101024749147303936, 1137717800087248896],
 [175351371, 1228086974931783681],
 [175351371, 1174264521931862016, 843869936699236352],
 [175351371, 819560548002123776, 22996639],
 [175351371, 1131086027144040448],
 [175351371, 1652519822],
 [175351371, 15593359],
 [175351371, 2321958807],
 [175351371, 36964890],
 [175351371, 72151962],
 [175351371, 1659658020, 25048808],
 [175351371, 743055646107533312],
 [175351371, 14127409],
 [175351371, 1304940086],
 [175351371, 205167415],
 [175351371, 1021772404408897536],
 [175351371, 404123713],
 [175351371, 399669441],
 [175351371, 34047942],
 [175351371, 3434555463],
 [175351371, 607209932],
 [175351371, 2863062477],
 [175351371, 3198834390],
 [175351371, 218805720],
 [175351371, 14535013],
 [175351371, 885086458243158016],
 [175351371, 47114219],
 [175351371, 281548524],
 [175351371, 56412785],
 [175351371, 31386487],
 [2840268375, 67554946],
 [263675265, 1190612851],
 [263675265, 164917181],
 [1873524348, 362270379, 953069401],
 [885581073719087104, 3303663329],
 [440958611, 2482631628],
 [286002846, 89059001],
 [63434406, 3622069932],
 [3622069932, 284065755],
 [747030230, 524984195],
 [310044382, 465821314],
 [3058048765, 1193118592591704065],
 [291559175, 385967981],
 [385967981, 218805720],
 [735502316, 47114219]]